3 0.239454 0.130394 0.028183 0.02165
0 0.211013 0.125402 0.0238 0.015806
0 0.191478 0.128102 0.018138 0.019887
0 0.172319 0.122002 0.019635 0.016978
0 0.163061 0.114139 0.015734 0.014813
0 0.150905 0.112552 0.010816 0.010779
0 0.10258 0.12563 0.053058 0.038702
0 0.031445 0.125948 0.060212 0.054547
0 0.109984 0.194675 0.164226 0.146805
3 0.492026 0.150624 0.02915 0.025785
0 0.464317 0.140724 0.024366 0.019407
0 0.444684 0.140001 0.019364 0.022289
0 0.426286 0.13062 0.020501 0.019777
0 0.417877 0.121212 0.01655 0.017003
0 0.405981 0.117524 0.011438 0.012258
0 0.35679 0.122079 0.05467 0.046577
0 0.286232 0.110014 0.063119 0.063021
0 0.35737 0.191822 0.171956 0.170003
3 0.742595 0.171128 0.029619 0.02948
0 0.716092 0.15649 0.024515 0.022675
0 0.696699 0.152357 0.020258 0.02431
0 0.679376 0.139854 0.021016 0.022237
0 0.67196 0.129063 0.017084 0.018902
0 0.660527 0.123336 0.011864 0.013528
0 0.61131 0.119291 0.055348 0.053655
0 0.542537 0.09505 0.064946 0.070417
0 0.605059 0.188539 0.176743 0.190294
3 0.991153 0.191555 0.029581 0.03267
0 0.966309 0.172431 0.024245 0.025555
0 0.947486 0.164957 0.020806 0.025915
0 0.931536 0.149546 0.021171 0.024317
0 0.92524 0.137557 0.017325 0.020478
0 0.914464 0.129889 0.012087 0.014567
0 0.866065 0.117314 0.055078 0.059815
0 0.800253 0.081311 0.065662 0.076608
0 0.853088 0.184881 0.178507 0.207328
3 0.237722 0.54489 0.029037 0.0353
0 0.214964 0.521606 0.02356 0.027998
0 0.197033 0.51092 0.020998 0.027077
0 0.182728 0.492865 0.020965 0.02598
0 0.177659 0.479883 0.017269 0.021703
0 0.167727 0.470406 0.012103 0.015356
0 0.120973 0.449515 0.053866 0.064951
0 0.059249 0.402366 0.065255 0.081488
0 0.101492 0.514245 0.177216 0.220815
3 0.482364 0.564124 0.027995 0.037327
0 0.462079 0.537078 0.022471 0.029961
0 0.445348 0.523363 0.020831 0.027775
0 0.432933 0.502973 0.0204 0.027199
0 0.429178 0.48922 0.016918 0.022557
0 0.420259 0.478095 0.011912 0.015882
0 0.37595 0.449246 0.051732 0.068977
0 0.319369 0.391759 0.063731 0.084974
0 0.350299 0.510032 0.172892 0.230523
3 0.725168 0.58226 0.026475 0.038715
0 0.707704 0.551915 0.020998 0.031413
0 0.692459 0.535406 0.020307 0.027998
0 0.682146 0.51303 0.019485 0.027953
0 0.67977 0.498741 0.016278 0.023025
0 0.672016 0.486159 0.011517 0.016137
0 0.63091 0.449845 0.048714 0.071822
0 0.580441 0.383003 0.061116 0.087006
0 0.599528 0.505647 0.165611 0.236287
3 0.966258 0.598989 0.024502 0.039441
0 0.951915 0.565865 0.019166 0.032326
0 0.938416 0.546844 0.019436 0.027742
0 0.930382 0.522864 0.018237 0.028229
0 0.929425 0.508284 0.015359 0.023099
0 0.922969 0.49446 0.010925 0.016116
0 0.885769 0.451303 0.044861 0.073438
0 0.842276 0.376249 0.057456 0.08755
0 0.849193 0.501166 0.155496 0.238009
3 0.205787 0.947358 0.02211 0.039492
0 0.194809 0.91202 0.017006 0.032687
0 0.183288 0.890813 0.018232 0.027011
0 0.17767 0.86564 0.016678 0.028021
0 0.178148 0.851018 0.014177 0.022778
0 0.173101 0.836189 0.010146 0.015818
0 0.140444 0.786927 0.040241 0.073797
0 0.10467 0.704946 0.052813 0.086595
0 0.0993 0.829998 0.14272 0.235658
3 0.443933 0.960442 0.019339 0.038867
0 0.436509 0.923496 0.014555 0.032488
0 0.427162 0.900465 0.016717 0.025818
0 0.424056 0.87453 0.014832 0.027334
0 0.425962 0.860116 0.012753 0.022067
0 0.42241 0.844535 0.009194 0.015251
0 0.394855 0.790012 0.034933 0.072894
0 0.367413 0.702506 0.047266 0.084159
0 0.349846 0.825554 0.127503 0.229274
3 0.6809 0.971351 0.016237 0.037577
0 0.677156 0.93343 0.011855 0.031734
0 0.670144 0.908969 0.014915 0.024184
0 0.669604 0.882715 0.012733 0.026179
0 0.672904 0.868756 0.01111 0.020979
0 0.670907 0.85269 0.008084 0.014422
0 0.648926 0.793838 0.029027 0.070744
0 0.630285 0.702305 0.04091 0.080283
0 0.600823 0.821243 0.110103 0.218968
3 0.916911 0.979899 0.012858 0.035645
0 0.916911 0.94165 0.008952 0.030436
0 0.912353 0.916178 0.012858 0.022135
0 0.914388 0.890055 0.010417 0.024577
0 0.919027 0.87679 0.009277 0.019531
0 0.91862 0.860514 0.006836 0.013346
0 0.902588 0.79834 0.022624 0.067383
0 0.893067 0.704346 0.033854 0.075033
0 0.852214 0.817139 0.09082 0.204915
