0 0.0690918 0.513346 0.129395 0.103516
0 0.177002 0.498047 0.0864258 0.0677083
0 0.273682 0.489909 0.0561523 0.046224
0 0.306641 0.486328 0.0332031 0.0390625
0 0.331787 0.485026 0.0307617 0.0351563
0 0.352051 0.482096 0.0263672 0.0345052
0 0.374756 0.479492 0.0219727 0.0292969
0 0.395996 0.476237 0.0273438 0.0201823
0 0.484375 0.589844 0.268555 0.289063
0 0.600342 0.499349 0.0639648 0.0768229
0 0.650635 0.485677 0.0297852 0.0325521
0 0.668457 0.488281 0.03125 0.0351563
0 0.691895 0.490885 0.0478516 0.0390625
0 0.740479 0.49707 0.0629883 0.0527344
0 0.828613 0.505534 0.0996094 0.0644531
0 0.931152 0.517578 0.135742 0.0898438
