3 0.021487 0.092133 0.028183 0.02165
0 0.049928 0.097126 0.0238 0.015806
0 0.068273 0.106475 0.018138 0.019887
0 0.087964 0.107195 0.019635 0.016978
0 0.098433 0.102794 0.015734 0.014813
0 0.110482 0.105457 0.010816 0.010779
0 0.154621 0.134765 0.053058 0.038702
0 0.223271 0.15962 0.060212 0.054547
0 0.134068 0.198903 0.164226 0.146805
3 0.279669 0.074756 0.02915 0.025785
0 0.307378 0.084655 0.024366 0.019407
0 0.324651 0.097117 0.019364 0.022289
0 0.344102 0.101258 0.020501 0.019777
0 0.354913 0.098717 0.01655 0.017003
0 0.366599 0.103454 0.011438 0.012258
0 0.407491 0.140193 0.05467 0.046577
0 0.47312 0.176783 0.063119 0.063021
0 0.380835 0.200205 0.171956 0.170004
3 0.539482 0.058951 0.029619 0.02948
0 0.565985 0.073588 0.024515 0.022675
0 0.58189 0.08895 0.020258 0.02431
0 0.60077 0.09644 0.021016 0.022237
0 0.611737 0.095803 0.017084 0.018902
0 0.622859 0.102532 0.011864 0.013528
0 0.659805 0.146074 0.055348 0.053655
0 0.721291 0.193773 0.064946 0.070417
0 0.627501 0.200933 0.176743 0.190294
3 0.800758 0.044989 0.029581 0.03267
0 0.825601 0.064114 0.024245 0.025555
0 0.839867 0.082112 0.020806 0.025915
0 0.857852 0.092824 0.021171 0.024317
0 0.868787 0.0941 0.017325 0.020478
0 0.879155 0.102708 0.012087 0.014567
0 0.911523 0.152307 0.055078 0.059815
0 0.967813 0.210299 0.065662 0.076608
0 0.874125 0.201076 0.178507 0.207328
3 0.063305 0.366443 0.029037 0.0353
0 0.086063 0.389727 0.02356 0.027998
0 0.098445 0.410054 0.020998 0.027077
0 0.115227 0.423805 0.020965 0.02598
0 0.125944 0.426973 0.017269 0.021704
0 0.135381 0.437312 0.012103 0.015356
0 0.162616 0.49212 0.053866 0.064951
0 0.212748 0.559412 0.065255 0.081488
0 0.120765 0.533962 0.177216 0.220815
3 0.326907 0.356849 0.027995 0.037327
0 0.347192 0.383894 0.022471 0.029962
0 0.357478 0.406203 0.020831 0.027775
0 0.37277 0.422756 0.0204 0.027199
0 0.383085 0.427762 0.016918 0.022557
0 0.391429 0.439655 0.011912 0.015882
0 0.413066 0.498734 0.051732 0.068977
0 0.456181 0.574175 0.063731 0.084974
0 0.367476 0.532935 0.172892 0.230523
3 0.591332 0.349703 0.026475 0.038715
0 0.608796 0.380048 0.020998 0.031413
0 0.61681 0.403955 0.020307 0.027998
0 0.630351 0.423029 0.019485 0.027953
0 0.640088 0.429788 0.016278 0.023025
0 0.647196 0.443031 0.011517 0.016137
0 0.662864 0.505369 0.048714 0.071822
0 0.698225 0.587669 0.061116 0.087006
0 0.614316 0.531343 0.165611 0.236287
3 0.856334 0.34513 0.024502 0.039441
0 0.870677 0.378254 0.019166 0.032326
0 0.876282 0.403352 0.019436 0.027742
0 0.88784 0.424619 0.018237 0.028229
0 0.896832 0.433014 0.015359 0.023099
0 0.902583 0.447381 0.010925 0.016116
0 0.912014 0.511913 0.044861 0.073438
0 0.939016 0.599662 0.057456 0.08755
0 0.861339 0.529216 0.155496 0.238009
3 0.121654 0.676539 0.02211 0.039492
0 0.132632 0.711877 0.017006 0.032687
0 0.135733 0.737735 0.018232 0.027011
0 0.14511 0.760832 0.016678 0.028021
0 0.153203 0.77072 0.014177 0.022778
0 0.157498 0.785965 0.010146 0.015818
0 0.160532 0.851586 0.040241 0.073797
0 0.178712 0.943284 0.052813 0.086595
0 0.108596 0.859922 0.14272 0.235658
3 0.387032 0.677299 0.019339 0.038867
0 0.394457 0.714244 0.014555 0.032488
0 0.394999 0.740421 0.016717 0.025818
0 0.402035 0.764952 0.014832 0.027334
0 0.409091 0.776164 0.012753 0.022067
0 0.411857 0.792026 0.009194 0.015251
0 0.408441 0.857614 0.034933 0.072894
0 0.417489 0.951691 0.047266 0.084159
0 0.356134 0.85684 0.127503 0.229274
3 0.652204 0.680728 0.016238 0.037577
0 0.655949 0.718649 0.011855 0.031734
0 0.653924 0.744696 0.014915 0.024184
0 0.658498 0.770242 0.012733 0.026179
0 0.664396 0.782586 0.01111 0.020979
0 0.665586 0.798794 0.008084 0.014422
0 0.655778 0.863226 0.029027 0.070744
0 0.655539 0.958073 0.04091 0.080283
0 0.603994 0.853355 0.110103 0.218968
3 0.916911 0.686768 0.012858 0.035645
0 0.916911 0.725016 0.008952 0.030436
0 0.912354 0.750488 0.012858 0.022135
0 0.914388 0.776611 0.010417 0.024577
0 0.919027 0.789876 0.009277 0.019531
0 0.91862 0.806152 0.006836 0.013346
0 0.902588 0.868327 0.022624 0.067383
0 0.893066 0.962321 0.033854 0.075033
0 0.852214 0.849528 0.09082 0.204915
